p_model — выигрыш от удержания с этого часа (final − сейчас), %:
            по часам  сделок  по сделкам      t
bin                                            
(0.0, 0.2]     0.071     808      -0.052 -1.094
(0.2, 0.3]     0.100    1762      -0.216 -5.185
(0.3, 0.4]     0.084    2439      -0.229 -4.407
(0.4, 0.5]     0.321    2724      -0.289 -5.070
(0.5, 0.6]     0.257    2942      -0.298 -4.677
(0.6, 1.0]     0.177    1897      -0.281 -3.442

p_analytic — выигрыш от удержания с этого часа (final − сейчас), %:
            по часам  сделок  по сделкам      t
bin                                            
(0.0, 0.2]     0.043    1272      -0.066 -2.151
(0.2, 0.3]     0.038    1631      -0.104 -2.314
(0.3, 0.4]     0.089    2182      -0.143 -2.782
(0.4, 0.5]     0.034    2659      -0.297 -5.855
(0.5, 0.6]     0.313    2888      -0.438 -7.550
(0.6, 1.0]     0.246    2904      -0.388 -5.886

по расстоянию до стопа, ATR:
          size   mean
d                    
(0, 1]    3213  0.018
(1, 2]   12401  0.093
(2, 3]   24354  0.164
(3, 4]   35852  0.193
(4, 6]   98258  0.239
(6, 20]  38481  0.241
по текущему результату, ATR:
            size   mean
u                      
(-10, -3]  17048  0.094
(-3, -1]   36946  0.271
(-1, 0]    30092  0.332
(0, 1]     28541  0.199
(1, 3]     38412  0.189
(3, 6]     32567  0.204
(6, 50]    28952  0.127
