Портфель 4 по годам, % (штатный симулятор): стоп по уровню / по open при гэпе
      уровень   гэп  разница
год                         
2016      4.5   3.3     -1.2
2017      6.5   6.4     -0.1
2018      2.6   1.8     -0.8
2019      7.0   6.2     -0.8
2020     54.5  53.2     -1.3
2021     16.7  16.5     -0.2
2022     30.0  28.6     -1.4
2023     19.6  19.2     -0.4
2024     20.2  19.7     -0.5
2025     23.0  20.5     -2.5
2026     11.5  11.4     -0.1
лет в плюсе: уровень 11 / гэп 11 из 11

по инструментам, гэп:
      silver  lkoh  gazp  sber
год                           
2016    25.0  -2.1 -15.0   5.2
2017     9.4  -6.5  11.6  11.2
2018   -16.6  34.4  13.2 -23.9
2019     1.0 -18.9  28.4  14.2
2020    82.8  58.7  42.4  29.0
2021    28.8   7.4  27.3   2.5
2022    41.4  24.1   0.7  48.0
2023    28.9   9.2  -1.0  39.8
2024    -1.0  -3.9  52.2  31.6
2025    30.3  28.1  41.1 -17.6
2026    20.7  14.6  15.9  -5.6
