Метрика перебора ноутбука для ОДНОГО и того же фильтра (гейт C), серебро, по годам
 год  ATR часа, % цены  против ≥1.5%  ложн. нейтраль ≥1.5%  против ≥3%  ложн. нейтраль ≥3%
2015             0.432         0.025                 0.054       0.004               0.007
2016             0.440         0.022                 0.052       0.002               0.003
2017             0.306         0.009                 0.018       0.000               0.000
2018             0.295         0.003                 0.010       0.000               0.003
2019             0.312         0.007                 0.035       0.000               0.004
2020             0.643         0.036                 0.190       0.004               0.058
2021             0.466         0.021                 0.054       0.003               0.006
2022             0.540         0.043                 0.088       0.003               0.007
2023             0.470         0.039                 0.050       0.004               0.004
2024             0.521         0.033                 0.070       0.003               0.003
2025             0.505         0.028                 0.086       0.004               0.022
2026             1.162         0.159                 0.434       0.040               0.183
