                                  seeds     auc  auc_min      ic   t_все    t_30    t_10  нетто_10
модель   вариант                                                                                  
catboost mix_finstress_garch_3        3  0.5115   0.5102  0.0200 -1.4120 -1.0159  0.1712    0.0051
         mix_finstress_regime_3       3  0.5055   0.4982  0.0143 -1.0175 -0.0850  1.2443    0.0787
         mix_v21_realistic            3  0.5141   0.5128  0.0224 -2.4400 -1.1733 -0.9892   -0.0314
         mix_v21_wide                 3  0.5116   0.5097  0.0194 -2.3916 -1.2113 -0.5184   -0.0162
         only_finstress_garch_3       3  0.5076   0.5067  0.0147 -0.7732 -1.1024 -0.1129   -0.0040
         only_finstress_regime_3      3  0.4911   0.4880 -0.0125 -1.5626 -1.6417 -0.8775   -0.0265
         only_v21_realistic           3  0.5146   0.5118  0.0230 -2.5744 -1.6829 -0.9078   -0.0288
         only_v21_wide                3  0.5001   0.4971  0.0024 -2.2482 -2.4955 -1.9780   -0.0862
         real                         3  0.5099   0.5057  0.0218 -1.6458 -0.1895  0.3822    0.0180
mlp      mix_finstress_garch_3        3  0.5067   0.5046  0.0110 -2.3521 -1.6198 -1.5800   -0.0636
         mix_finstress_regime_3       3  0.4972   0.4957 -0.0020 -1.9035 -1.6845 -0.4655   -0.0164
         mix_v21_realistic            3  0.5028   0.5013 -0.0012 -3.8269 -2.9819 -2.5182   -0.1003
         mix_v21_wide                 3  0.5046   0.5029  0.0058 -3.1513 -2.6021 -2.1017   -0.0791
         only_finstress_garch_3       3  0.5072   0.5056  0.0146 -1.5534 -0.7398  0.4175    0.0149
         only_finstress_regime_3      3  0.4978   0.4947 -0.0008 -1.2773 -0.1738  0.4918    0.0163
         only_v21_realistic           3  0.5020   0.4991 -0.0007 -3.3443 -2.9402 -1.9249   -0.0955
         only_v21_wide                3  0.5004   0.4984 -0.0007 -3.0238 -2.4917 -2.2547   -0.0964
         real                         3  0.5011   0.4999 -0.0006 -2.1077 -1.7328 -1.1566   -0.0403
